92.81 53.23 0 7.19
91.09 53.73 3.23 8.91
94.57 59.16 5.78 5.43
95.2 63.96 7.62 4.8
95.57 68.33 8.7 4.43
95.58 69.68 8.99 4.42
91.87 63.72 8.56 8
84.79 52 7.5 14.87
77.17 38.64 5.87 22.3
71.86 27.76 1.66 27.55
70.36 21.7 0 29.31
69.76 16.86 0 30.58
69.46 12.68 0.83 31.64
69.14 8.99 4.62 32.46
68.49 5.6 17.32 33
67.18 2.34 18.62 33.24
42.22 0.62 17.46 13.14
35.91 10.84 16.32 13.17
34.7 15.45 16.13 13.23
34.78 15.27 18 13.32
35.01 14.96 20.57 13.49
35.41 14.61 22.41 13.8
36.01 14.3 24.51 14.3
36.87 14.13 30.89 15.04
43.14 21.4 37.86 28.93
42.3 21.14 34.15 35.83
38.88 18.96 24.07 40.31
35.19 16.62 14.46 43.11
33.2 15.35 7.18 44.2
37.88 16.57 1.17 42.68
48.72 18.98 0 38.82
56.28 19.5 0 35.14
62.82 19.38 0 30.81
69.16 19.14 0 25.98
74.83 18.76 0 21.25
79.37 18.25 0 17.23
82.3 17.61 0 14.5
83.15 16.74 0 13.68
81.43 11.93 0 15.14
78.25 6.05 0 17.07
74.96 4.88 1.85 17.41
70.46 4.97 4.9 16.98
65.22 5.14 6 16.22
60.11 5.41 6 15.23
56.01 5.78 6.31 14.13
53.8 6.24 13.39 13.04
57.36 8.26 21.67 11.85
71.75 14.45 30.75 10.24
86.69 20.72 33.78 8.89
90.92 22.71 28.38 8.5
78.83 22.46 23.16 8.98
63.05 22.14 25.66 9.91
58.98 23.01 27.67 11.18
67.78 34.89 21.14 13.83
75.9 45.84 13.65 16.56
72.57 43.44 10.97 17.87
62.31 35.68 9.13 19.13
43.06 22.87 6.77 26.67
26.86 12.13 6.63 34.41
39.34 11.54 9.95 26.82
38.23 7.69 3.2 31.55
33.32 0 3.99 42.54
27.94 0 1 43.36
33.58 0 1.46 38.89
43.32 0 4.18 21.37
46.7 0 5.31 17.08
51.02 0 7.33 16.48
56.72 0 10.06 17.24
54.16 1.07 14.99 17.08
43.37 5.57 22.29 16.25
36.39 11.41 31.72 15.89
35.18 19.51 47.26 16.35
37.64 26.26 57.43 14.59
38.83 27.94 69 17.93
39.96 29 67.04 23.08
43.46 32.85 49.08 24.19
57.26 44.85 49.51 13.15
59.98 39.96 45 8.93
57.25 45.95 45 9.33
66.47 58.79 43.4 12.81
66.2 58.37 44.3 13.29
58.76 51.53 48.32 12.82
52.36 44.5 53.72 13.28
38.94 34.36 48.59 18.68
16.03 14.08 58.26 24.35
5.08 1.14 68.38 31.99
4.25 0 70.67 35.46
3.41 0 78.47 26.68
5.6 0 81 25.95
2.25 0 66.39 41.7
6.05 0 10.07 82.77
16.85 7.87 0 83.15
21.91 15.14 0 78.09
36.83 22.62 0 63.17
25.15 16.9 0 74.97
29.95 15.64 0 69.86
22.8 10.57 0 77.2
32.02 5.9 0 67.98
51.53 3.27 0 48.47
67.93 1.13 0 31.97
77.81 1.13 0 20.58
79.47 4.76 0 20.15
84.71 13.23 0 15.33
84.74 31.78 0 15.28
85.13 31.19 0 14.9
86.68 31.95 0 13.36
83.1 35.65 0 16.28
81.76 31.6 0 15.69
79.05 32.34 0 20.96
79.16 31.84 1.49 19.25
78.65 36.16 6.09 15.18
52.28 38.7 34.88 13.01
47.95 36.91 37.5 14.72
44.4 39.96 37.53 18.25
49.85 39.79 32.12 18.51
50.81 48.32 23.62 25.56
53.31 48.89 23 23.76
50.4 35.98 23.91 25.46
45.44 27.67 23.94 30.86
50.67 23.78 22 28.3
52.11 20.6 24.25 23.75
54.41 18.11 27 18.28
64.45 16.32 22.6 12.98
70.95 15.24 19.7 8.92
68.88 14.87 23.98 7.17
74.9 15.46 18 7.1
68.35 20.4 24 7.65
76.19 43.87 16.86 6.84
77.11 50.23 13.77 9.19
77.41 53.57 11.21 10.82
66.18 33.66 15.83 17.99
66.97 20.41 15.19 17.98
56.16 13.81 16.54 26.97
51.38 14.92 14.89 33.39
48.81 17.61 10.08 41.2
51.12 17.94 10.08 39.33
54.43 22.53 15.49 29.87
49.36 28.18 17.92 33.04
50.66 43.98 17.55 31.65
55.09 47.36 9.67 35.45
51.59 42.94 7.2 40.7
59.62 43.05 4.25 35.78
76.96 38.84 2.49 20.75
79.35 32.77 2 18.92
73.61 28.46 1.16 25.35
74.37 22.06 1 24.57
67.86 18.13 0.08 31.06
62.78 15.24 0 37.25
74.8 15.54 0 25.08
76.88 20.21 0 23.22
79.33 23.81 0 20.67
78.74 26.75 0 21.27
78.99 34.16 0 20.8
83.77 42.34 0 16.42
86.01 53.41 0 14.43
83.59 55 0 16.77
86.6 56.09 0 13.3
85.61 54.13 0 14.43
85.02 53.58 0 15.1
86.11 53.23 0 13.89
89.49 51.36 0 10.51
85.33 45.24 0 14.68
88.29 45.45 0 11.65
90.64 44.14 0 9.22
92.12 45.64 0 7.15
94 39.59 0 6.01
94.07 26.3 0 6.09
89.14 19.49 0 10.72
84.41 16.02 0 15.52
88.92 11.1 0 11.11
84.07 5.07 0 15.91
87.54 1.95 0 12.74
92.96 1.86 0 7
90.96 1.22 0 9.01
89.42 0.61 0 10.66
92.81 2.7 0 6.96
94.85 22.5 0 4.97
94.85 47.37 0.55 4.56
91.79 57.78 3.55 5.18
92.88 60.1 3 4.96
89.43 68.04 6.38 4.1
86.94 72.46 7.03 5.94
81.51 71.37 10.5 7.85
78.47 68.95 16.35 5.21
53.6 74.62 41.57 4.91
34.62 74.97 60.6 4.87
17.85 70.4 74.68 8.39
8.44 47.45 82.38 9.43
12.23 17.53 79.41 8.57
23.73 11.2 67.46 8.49
32.83 11.39 58.01 8.78
33.77 9.5 55.45 10.95
35.29 8.22 51.6 13.47
47.19 4.68 37.11 15.53
50.53 4.13 28.4 21.23
56.27 1.33 22.88 20.33
50.33 2.98 14.04 35.88
41.1 1.33 16.34 42.78
37.53 1.37 19.76 43.19
50.69 1.55 27.18 22.1
59.58 1.73 25.85 14.77
67.93 2.76 25.75 6.17
61.94 4.48 29.77 8.31
70.53 9.35 21.94 6.97
61.84 17.23 29.29 8.72
59.21 17.32 29.19 11.68
51.83 21.56 33.85 14.85
50.46 18.41 38.22 13.47
48.41 18.19 41.53 9.99
48.1 24.14 39.88 11.91
33.22 25.7 60.12 6.85
29.9 17.03 65.25 5.36
35.65 15.42 56.14 8.33
31.2 12.81 53.05 17.63
29.57 12.07 56.71 17.71
29.75 11.42 61.81 19.66
29.3 10.76 65 25.08
26.2 10.09 45 32.39
26.24 9.38 37.55 40.02
28.82 8.62 26.39 46.35
28.9 7.66 19.87 50.42
45.66 7.59 16.02 38.03
52.35 10.38 11.7 36.15
57.58 22.74 8.04 34.5
70.26 35.29 6.43 23.84
81.43 53.01 4.15 13.92
87.8 66.6 2.31 8.9
93.58 83.45 1.45 5.09
94.86 84.56 3 2.66
93.34 83.61 3 3.66
91.51 81.74 3 5.38
86.1 70.39 3.29 10.68
81.18 50.33 4.49 14.42
84.97 38.82 6.42 8.57
85.11 26.2 9.19 5.35
81.26 27.22 15.88 2.65
78.32 54.67 21.61 0.17
78.69 70.85 21.31 0
81.8 79.32 18.2 0
80.14 84.08 18.78 0.83
75.08 76.97 22.47 2.35
71.17 55.89 25.91 2.88
73.73 44.62 21.49 4.93
72.95 25.2 21.26 5.91
68.82 19.25 23.08 8.12
65.71 11.97 27.78 5.98
62.75 15.97 32.85 3.95
55.44 17.85 40.37 4.09
42.47 40.61 52.97 4.61
57.6 58.72 39 3.4
53.69 69.48 41 5.43
