5 0.0062727396869467 0 0 0 0 0
9 0 0 0 0 0 0
13 0.0134067818697801 0 0.0160871699373018 0 0 0.00566178221343567
17 0.0351100159447587 0 0.0211919883165059 0 0 0.0160574734163784
21 0.0481879947009927 0 0.0190066877104004 0 0 0.0242773181514571
25 0.0409167052275633 0 0.0317941178733355 0 0 0.027023478962333
29 0.0419461463397287 0 0.0275255001064427 0.00751227766952943 0 0.0360042465360592
33 0.0583054046328675 0 0.0395660341443264 0.0124812169777696 0 0.029205999866986
37 0.0596658946544609 0 0.04675204730947 0.0240983270865959 0 0.0317845523697363
41 0.0809548911799555 0 0.0416659174917706 0.0223686254552729 0 0.0354008515574582
45 0.0691266809368969 0 0.0464176780724707 0.0474351460338175 0 0.0355899306675637
49 0.065160500472552 0 0.0400105764437877 0.0282034132275554 0 0.0272049726696006
53 0.072711637274676 0 0.0437105946876533 0.0407738494091507 0 0.039951708431466
57 0.0877811094246498 0 0.045944778031984 0.072547197467108 0 0.0439466237009654
61 0.08191477211699 0 0.047117222396173 0.0453288709870618 0 0.0365641357253934
65 0.0733806256139994 0 0.0528672910885964 0.0511804962332088 0 0.0528095168435256
69 0.0907143682694657 0 0.0481602507308213 0.0406454768034044 0 0.0492294995213132
73 0.0988150971344327 0 0.0566272776194636 0.0504348299008083 0 0.0480735488031944
77 0.0946862801749066 0 0.0626789005875072 0.03361563610171 0 0.0512868408248268
81 0.10707443729073 0 0.0574845006072132 0.0322021426961402 0 0.0503675030411695
85 0.0912485279698545 0 0.0625231214467507 0.0520860646902406 0 0.0594261426227496
89 0.106926923419323 0 0.0702855517749547 0.0598101333645556 0 0.0519889148559237
93 0.114203280637571 0 0.0693045408735897 0.0426311620793255 0 0.0682603808878326
97 0.0845680635664474 0 0.0710565142113171 0.059681304653978 0 0.0617275497126746
101 0.114218996273562 0 0.0690217132537079 0.0390753952745497 0 0.0687008011271927
105 0.111618232624224 0 0.0776263316082613 0.0490226894654613 0 0.0728322960204534
109 0.101978623194363 0 0.0714957224420483 0.0521855544985998 0 0.0677586201150052
113 0.0956207910171356 0 0.0775734391637928 0.0398799609430876 0 0.068618958741398
117 0.109130759389559 0 0.0795073984853543 0.0437495728454984 0 0.0709941831379606
121 0.112136891380837 0 0.0754297129280352 0.0718118200865281 0 0.0668817346611806
125 0.116573055438434 0 0.0806033980825681 0.0501879477214348 0 0.0624809419279642
129 0.110527393605487 0 0.0761456306206172 0.0480953426881564 0 0.0698739890569063
133 0.126176555270684 0 0.0901914786631693 0.0368965867067003 0 0.0754333407025257
137 0.122534601756358 0 0.0793016531081869 0.0450384274511464 0 0.0732656280214337
141 0.111116156124729 0 0.0847076396948142 0.0531370169922394 0 0.0708736732103901
145 0.111651734893748 0 0.0841270411350716 0.0495198342235427 0 0.0795422955957705
149 0.117274252489819 0 0.08660113934694 0.04242873888201 0 0.0734462160676963
153 0.116642021357704 0 0.0951389620921986 0.0429940491638584 0 0.0766488987651579
157 0.138099564379519 0 0.0898534767649773 0.0381169584820749 0 0.0832364734682347
161 0.132694397740699 0 0.0892705451633165 0.029021150286877 0 0.0710625459687305
165 0.1320032517778 0 0.0950296689569431 0.0408677967325328 0 0.0846541483537594
169 0.136203053071008 0 0.0940336075684893 0.0460686074996431 0 0.0775132786490033
173 0.141723946893949 0 0.0844720832077308 0.0531865116762656 0 0.0849652864703145
177 0.141635510366803 0 0.0917391025021144 0.0300237561893819 0 0.0834214745389215
181 0.14548558823987 0 0.0937429341893318 0.0178803840243782 0 0.0828442505296907
185 0.133081189454169 0 0.088719399486459 0.0317575573412617 0 0.0790479901539034
189 0.138390064131587 0 0.090068724655681 0.0352148560498042 0 0.0783401763557774
193 0.152223331031281 0 0.0923186365646328 0.0449989155259029 0 0.094110459654858
197 0.145257086013294 0 0.100775457120791 0.0293973381420721 0 0.0883300813020422
201 0.139707616355004 0 0.100481196585067 0.0180146444301595 0 0.0831466497846142
205 0.147969131548828 0 0.0990418425761401 0.0110630113758983 0 0.0860020515901946
209 0.153696667255255 0 0.101358682772938 0.0186270003839943 0 0.0859757738240689
213 0.153194602816033 0 0.11119536126403 0.00128164573889532 0 0.0886757616534524
217 0.158762386307366 0 0.0996348515485882 0.00657785728651206 0 0.0890766133373536
221 0.150409434492508 0 0.106981316855767 0.0109655766875351 0 0.085241534310219
225 0.151487485634829 0 0.107384898602332 0.014572397763725 0 0.08634209116417
229 0.15087793714209 0 0.114284686296096 0.00588765181593168 0 0.0885293973911515
233 0.151183798664178 0 0.108905882226788 0.00080993232029417 0 0.0891777712393203
237 0.170183243118468 0 0.105962457832939 0 0 0.0800167448889565
