5 0.0402429162408469 0 0 0 0 0.0173195743106896
9 0.0684886420916008 0 0.0011055084808767 0 0 0.0250988854318468
13 0.118699563443574 0 0.0137149129725081 0.030507087318942 0 0.0199013834690172
17 0.12781568072984 0 0.0771655812571314 0.00536115272304748 0 0.0268922080764638
21 0.158102922608864 0 0.0913539089714865 0.00653355369782292 0 0.0213038982703977
25 0.145624733973314 0 0.0858018227696285 0.050174479560738 0 0.0297294080980209
29 0.149276145105113 0 0.0975781203214841 0.00857560068642046 0 0.0377331421005175
33 0.185381630995809 0 0.113907344811393 0.0462445808918832 0 0.0345574837106048
37 0.1698676416585 0 0.111396588519972 0.0191554058008349 0 0.0361318552229249
41 0.196109192300354 0 0.112092791545321 0.0296572913522523 0 0.0372184459581339
45 0.219543538714555 0 0.137594929150784 0.0283077144851563 0 0.0476729067600119
49 0.227393578524877 0 0.143953224025613 0.0495036310863307 0 0.0459546491081281
53 0.259804540783199 0 0.133333684019971 0.0174803339605608 0 0.0447089766119096
57 0.283601284678349 0 0.143463850931486 0.0250353268755259 0 0.0578623483024994
61 0.282598234057602 0 0.150142969448959 0.0350114504539711 0 0.0492049263489096
65 0.2987355170578 0 0.127413922991536 0.0273814009091951 0 0.0500165669964548
69 0.313746358445802 0 0.135775196188118 0.0126910847050407 0 0.0599862866157905
73 0.324555195162101 0 0.139505694847992 0.0412229444403597 0 0.0604559674133441
77 0.322928360653132 0 0.12792623054502 0.0389693880282394 0 0.0606667502983532
81 0.340350181444579 0 0.123631715305822 0.0179467936366215 0 0.0614134816037207
85 0.340410719300679 0 0.129650980776355 0.0337874961164717 0 0.0554896986888279
89 0.329092868073228 0 0.130225774988641 0.0375519144356133 0 0.0565018894718155
93 0.337257283843836 0 0.131142500729663 0.033395706047757 0 0.0594746840171284
97 0.347190041123186 0 0.122345611365176 0.0436358494614944 0 0.0615015423460749
101 0.333014919221762 0 0.129536640012565 0.0276637970873233 0 0.0582423193675101
105 0.358927918084183 0 0.127543741661493 0.0388594543219058 0 0.0711560575527192
109 0.365755949188052 0 0.123471009979744 0.0329454625081214 0 0.064123250511189
113 0.363146866057072 0 0.120624446733757 0.0405905717289897 0 0.0668955968472622
117 0.365093858874946 0 0.119081176911908 0.0487586274718549 0 0.0749743121047572
121 0.371540508716571 0 0.120718598393779 0.0258648469256609 0 0.0690248815691492
125 0.368038241807664 0 0.126845980253852 0.0137627436330344 0 0.0766196181532095
129 0.385530924380596 0 0.119871189193754 0.0393817920963696 0 0.087398400647767
133 0.39413846977032 0 0.130125735739773 0.0354061446897672 0 0.0722858455153255
137 0.396954000467403 0 0.132429655863961 0.0269901839407813 0 0.0846398457746477
141 0.400678485762561 0 0.12409177882361 0.0278651263632944 0 0.0775017292131049
145 0.417553397964257 0 0.132108112697705 0.019409198227775 0 0.0829491431369507
149 0.413387895966031 0 0.133215733842362 0.00416164921810938 0 0.081139310107438
153 0.422417795023139 0 0.137164485606733 0.0216356714346521 0 0.0826426820438683
157 0.421383122624735 0 0.12396705341446 0.0161934862206078 0 0.0831179447235136
161 0.434580459310735 0 0.144706097232772 0.0190199186814064 0 0.0872100489637475
165 0.426180194665043 0 0.133737312056569 0.0238946440111326 0 0.0952246467725307
169 0.439097893200084 0 0.136345288086742 0.00193679484118628 0 0.0849112273342107
173 0.439772987586867 0 0.13462139583864 0.00211964576428953 0 0.0842300930905051
177 0.434380322422043 0 0.145304813809047 0.0121685076009983 0 0.0717615722041683
181 0.456458987883088 0 0.144020052125326 0 0 0.0932211985131605
185 0.455728846388107 0 0.131447771148958 0.00250776321122958 0 0.0750701741703557
189 0.446278086896258 0 0.144262609128238 0.00742171090633076 0 0.0845009597925673
193 0.453064790646227 0 0.149317693255545 0 0 0.0869492445792475
197 0.469231827117689 0 0.137043315971153 0 0 0.0759629393037458
201 0.466116994329033 0 0.147713635398983 0.00016568697008847 0 0.0905186295690967
205 0.459690383690687 0 0.150176803403707 0 0 0.0760996936866288
209 0.468668585625736 0 0.148769783357572 0 0 0.091514959794327
213 0.472164618585355 0 0.140890790114289 0 0 0.0922790447017182
217 0.471567282314589 0 0.134161973173492 0 0 0.0945910481739188
221 0.488568303893995 0 0.135219355768191 0 0 0.0944790392796472
225 0.483138197351016 0 0.144873420679809 0 0 0.103409071436996
229 0.498729377889413 0 0.149021799044051 0.00706659803118877 0 0.0780670937679785
233 0.489543621179663 0 0.1453638713875 0 0 0.098701693301325
237 0.488983764436024 0 0.145212731847475 0 0 0.0965467695901454
